430f40fd021d85e9059517924931644f91fc76dc:
  path: /home/hais1992/xxxxxxx/Bin/../Output/log.txt
  upload_id: AEE8D34BAC3944D1A11501419D3CB8A8
  file_id: 618280e351f22cec02534b1783bcfd30d8e51415
  chunk_size: 524288
  part_number: 1
  upload_time: 1635942628.4270742
c43653eec53008e2da734b3052ad9cfad9887da7:
  path: /home/hais1992/xxxxxxx/Bin/../Output/Readme.md
  upload_id: 064AEFB6415445F4900DEE705DBCC21F
  file_id: 618280e42e395ca2094249b38876de5807c65b4d
  chunk_size: 524288
  part_number: 1
  upload_time: 1635942628.8402874
b474586a227f9c34f0d39efa4158392842bde4b2:
  path: /home/hais1992/xxxxxxx/Bin/../Output/HaisV3_Sirius20.9.4(1103)_6466.zip
  upload_id: 73FECBB94E2D4565B792890D00E52900
  file_id: 618280e67b7e3a1cf54540c3a4983cc63550b529
  chunk_size: 524288
  part_number: 504
